84 106 111 87 84 106 111 87 84 98 111 87 92 112 118 96 92 112 113 88 88 103 113 85 93 116 118 92 88 111 118 92 93 107 113 87 'Normal'
84 98 111 87 84 98 106 91 84 102 111 87 88 103 113 85 97 107 113 88 92 112 118 92 93 107 113 87 93 107 113 87 93 107 109 87 'Normal'
88 106 106 87 84 106 111 83 88 98 106 83 88 103 108 85 88 103 113 92 88 107 113 88 93 103 109 87 88 107 109 87 88 111 113 92 'Normal'
88 111 111 87 88 111 106 87 88 106 111 87 84 103 108 85 88 95 104 81 84 99 108 85 88 95 100 79 88 95 100 83 88 103 100 83 'Normal'
84 106 106 87 84 102 111 83 84 98 98 83 84 99 104 85 84 99 104 81 84 99 100 81 88 99 100 79 84 99 104 79 79 95 100 79 'Normal'
84 98 102 79 80 94 102 76 76 94 94 72 80 91 100 78 76 83 91 74 71 79 87 70 75 87 93 71 75 83 85 71 71 75 85 67 'Normal'
76 94 94 72 72 81 82 68 68 73 78 65 71 79 87 70 71 79 79 67 71 79 83 67 71 75 85 67 71 79 77 67 71 75 81 67 'Normal'
64 69 78 65 68 77 86 65 64 66 86 68 71 79 79 63 68 75 79 67 60 68 79 67 67 72 81 67 67 64 81 67 59 61 77 71 'Normal'
101 132 139 103 101 126 133 103 92 112 118 85 102 137 139 108 102 126 134 104 88 121 128 100 90 109 112 89 90 113 117 92 90 113 122 96 'Normal'
76 99 104 81 76 99 108 85 76 103 118 88 84 103 104 79 79 107 109 87 79 107 109 87 82 100 108 81 82 100 104 78 78 100 104 81 'Normal'
80 107 113 85 80 95 100 78 80 95 100 78 79 103 104 79 79 95 100 79 79 95 96 75 82 100 108 85 78 96 96 78 78 91 92 70 'Normal'
80 95 100 78 80 95 100 78 80 91 100 78 79 95 100 79 79 95 96 75 79 95 100 75 78 96 96 78 78 91 92 70 74 91 92 70 'Normal'
80 95 100 78 80 91 100 78 80 91 100 74 79 95 96 75 79 95 100 75 75 95 100 79 78 91 92 70 74 91 92 70 78 91 96 74 'Normal'
80 91 100 74 80 95 104 74 76 91 104 74 75 95 100 79 75 91 96 75 75 91 96 71 78 91 96 74 74 87 92 70 74 87 88 70 'Normal'
76 87 100 74 76 87 91 74 76 87 91 67 75 87 96 71 75 91 96 71 75 87 93 67 74 87 92 70 78 87 88 66 78 87 92 66 'Normal'
76 87 91 67 71 87 87 70 71 83 87 67 75 87 93 67 71 87 89 67 71 79 81 62 78 87 92 66 74 83 92 66 70 83 92 66 'Normal'
71 87 87 70 71 83 87 67 68 83 87 67 71 87 89 67 71 79 81 62 71 79 85 62 74 83 92 66 70 83 92 66 70 83 88 70 'Normal'
68 83 87 67 71 83 87 70 76 91 91 74 71 75 81 62 67 75 85 71 67 75 96 79 59 60 96 81 56 49 104 100 49 40 112 114 'Normal'
84 103 108 85 88 107 118 88 88 107 118 92 84 99 113 87 84 99 109 87 84 103 109 83 63 67 104 85 82 96 104 78 86 100 108 85 'Normal'
88 107 118 88 88 107 118 92 88 107 118 92 84 99 109 87 84 103 109 83 88 107 113 87 82 96 104 78 86 100 108 85 90 104 112 85 'Normal'
88 107 118 92 88 112 113 88 88 103 113 88 88 107 113 87 88 107 104 87 88 107 109 83 90 104 112 85 86 104 108 85 86 104 108 85 'Normal'
88 103 113 88 88 103 108 85 84 99 108 85 88 107 109 83 84 99 109 83 88 103 109 87 86 104 108 85 86 104 108 85 86 100 108 85 'Normal'
88 103 108 85 84 99 108 85 88 99 104 85 84 99 109 83 88 103 109 87 88 103 109 87 86 104 108 85 86 100 108 85 90 104 112 89 'Normal'
92 112 118 92 92 107 113 92 92 107 118 88 88 107 109 92 88 107 109 87 88 107 109 87 90 104 112 89 86 104 108 89 90 104 108 92 'Normal'
88 107 113 88 88 103 108 81 88 103 108 88 88 111 113 92 88 107 113 87 88 107 113 87 86 104 108 85 90 109 112 92 86 109 108 89 'Normal'
88 103 108 88 84 99 104 85 84 103 108 81 88 107 113 87 88 107 109 83 84 99 104 87 86 109 108 89 86 109 112 89 90 109 112 92 'Normal'
84 103 108 85 88 95 104 81 84 99 108 85 88 95 100 79 88 95 100 83 88 103 100 83 86 104 104 85 82 100 100 85 82 100 104 78 'Normal'
88 99 104 85 84 99 104 85 84 99 104 81 84 103 104 83 88 99 100 79 84 99 104 79 82 96 100 81 82 100 108 81 82 96 104 78 'Normal'
84 99 104 81 84 99 100 81 80 91 96 78 84 99 104 79 79 95 100 79 79 99 100 83 82 96 104 78 82 96 100 81 86 96 104 81 'Normal'
56 61 87 78 71 79 100 81 80 95 100 85 75 83 96 79 84 99 104 83 84 99 104 83 82 96 104 85 82 100 104 85 86 100 108 85 'Normal'
80 95 100 85 80 91 100 81 80 91 100 78 84 99 104 83 79 95 100 75 75 87 93 71 86 100 108 85 86 100 112 85 86 100 112 85 'Normal'
76 83 91 74 71 79 87 70 71 79 79 67 75 83 85 71 71 75 85 67 71 79 77 67 82 96 100 81 78 83 84 70 74 75 88 66 'Normal'
71 79 79 67 71 79 83 67 71 79 79 63 71 79 77 67 71 75 81 67 67 72 81 67 74 75 88 66 70 79 88 66 70 75 76 66 'Normal'
88 121 128 100 84 107 113 87 84 99 104 79 90 113 122 96 95 128 127 103 95 123 127 100 87 103 114 90 92 122 135 109 96 127 130 105 'Normal'
79 107 109 87 79 107 113 87 79 103 104 83 78 100 104 81 82 104 104 85 82 104 108 85 79 99 105 83 83 103 114 86 79 99 105 83 'Normal'
79 107 113 87 79 103 104 83 79 103 104 79 82 104 104 85 82 104 108 85 82 100 108 85 83 103 114 86 79 99 105 83 79 95 101 79 'Normal'
79 95 96 75 79 95 100 75 75 95 100 79 78 91 92 70 74 91 92 70 78 91 96 74 83 91 97 72 83 91 97 72 79 91 93 72 'Normal'
75 91 96 71 79 87 93 71 79 87 93 67 74 87 88 70 78 87 84 70 74 87 88 66 79 88 93 68 79 91 93 72 75 91 93 68 'Normal'
79 87 93 67 75 87 96 71 75 91 96 71 74 87 88 66 74 87 92 70 78 87 88 66 75 91 93 68 79 88 93 68 75 84 90 68 'Normal'
75 91 96 71 75 87 93 67 71 87 89 67 78 87 88 66 78 87 92 66 74 83 92 66 75 84 90 68 75 84 93 72 75 88 90 68 'Normal'
71 79 81 62 71 79 85 62 67 75 85 62 70 83 92 66 70 83 88 70 70 83 84 66 75 91 97 75 75 88 93 72 67 81 86 64 'Normal'
71 79 85 62 67 75 85 62 71 75 85 62 70 83 88 70 70 83 84 66 66 79 84 63 75 88 93 72 67 81 86 64 63 77 86 72 'Normal'
67 75 85 62 71 75 85 62 67 79 81 62 70 83 84 66 66 79 84 63 66 79 88 66 67 81 86 64 63 77 86 72 63 73 97 83 'Normal'
71 75 85 62 67 79 81 62 71 79 85 62 66 79 84 63 66 79 88 66 70 79 88 66 63 77 86 72 63 73 97 83 59 60 110 98 'Normal'
67 79 81 62 71 79 85 62 71 75 81 67 66 79 88 66 70 79 88 66 66 71 88 70 63 73 97 83 59 60 110 98 49 45 119 116 'Normal'
88 107 104 87 88 107 109 83 84 99 109 83 86 104 108 85 86 104 108 85 86 104 108 85 87 95 105 83 83 99 110 83 87 99 105 86 'Normal'
88 103 109 87 93 103 109 87 88 107 109 87 86 104 112 85 86 104 104 81 86 96 104 81 92 103 110 83 92 103 110 86 87 99 105 83 'Normal'
88 103 100 83 88 103 109 83 88 103 113 83 82 100 104 78 86 100 96 81 82 100 104 81 83 99 101 79 79 95 101 79 79 95 105 79 'Normal'
84 103 104 83 88 99 100 79 84 99 104 79 82 96 100 81 82 100 108 81 82 96 104 78 87 95 97 83 83 99 101 79 83 99 105 79 'Normal'
84 99 104 79 79 95 100 79 79 99 100 83 82 96 104 78 82 96 100 81 86 96 104 81 83 99 105 79 83 95 101 79 79 99 97 79 'Normal'
79 91 104 79 75 79 96 79 75 83 96 79 82 100 104 78 82 96 104 81 82 96 104 85 83 95 105 83 83 95 101 79 83 99 105 83 'Normal'
75 83 96 79 84 99 104 83 84 99 104 83 82 96 104 85 82 100 104 85 86 100 108 85 83 99 105 83 87 99 105 83 83 103 105 86 'Normal'
71 75 85 67 71 79 77 67 71 75 81 67 78 83 84 70 74 75 88 66 70 79 88 66 79 88 97 72 71 81 86 68 71 77 82 64 'Normal'
71 79 77 67 71 75 81 67 67 72 81 67 74 75 88 66 70 79 88 66 70 75 76 66 71 81 86 68 71 77 82 64 71 81 82 68 'Normal'
64 83 96 81 60 87 104 85 60 91 108 85 63 91 104 83 67 95 109 92 71 103 113 92 59 87 96 81 66 96 104 89 70 104 117 92 'Normal'
60 87 104 85 60 91 108 85 64 91 113 88 67 95 109 92 71 103 113 92 67 103 113 92 66 96 104 89 70 104 117 92 70 109 117 96 'Normal'
64 91 113 88 64 95 113 88 68 103 113 88 67 103 113 92 71 103 109 92 71 103 113 92 70 109 117 96 70 109 112 96 66 104 112 92 'Normal'
68 103 113 88 68 103 118 92 68 107 113 92 71 103 113 92 71 107 118 92 71 107 113 96 66 104 112 92 70 104 112 92 70 109 117 96 'Normal'
68 107 113 92 68 107 118 92 68 103 118 92 71 107 113 96 71 103 118 92 67 103 118 92 70 109 117 96 70 109 117 92 70 104 112 92 'Normal'
68 107 118 92 68 103 118 92 71 103 118 92 71 103 118 92 67 103 118 92 71 103 118 96 70 109 117 92 70 104 112 92 70 109 112 92 'Normal'
68 103 118 92 64 103 122 92 71 107 122 96 71 99 118 96 67 103 118 96 67 107 113 96 66 100 112 92 66 104 117 92 63 104 112 92 'Normal'
64 103 122 92 71 107 122 96 71 107 122 96 67 103 118 96 67 107 113 96 67 107 123 96 66 104 117 92 63 104 112 92 66 100 112 92 'Normal'
71 107 122 96 71 107 122 96 71 103 113 92 67 107 113 96 67 107 123 96 71 111 123 96 63 104 112 92 66 100 112 92 66 104 117 92 'Normal'
71 107 122 96 71 103 113 92 71 103 118 92 67 107 123 96 71 111 123 96 71 103 118 96 66 100 112 92 66 104 117 92 70 109 122 96 'Normal'
71 103 113 92 71 103 118 92 71 107 118 96 71 111 123 96 71 103 118 96 71 107 113 92 66 104 117 92 70 109 122 96 74 109 117 96 'Normal'
71 103 118 92 71 107 118 96 71 107 118 96 71 103 118 96 71 107 113 92 71 107 113 96 70 109 122 96 74 109 117 96 74 109 112 96 'Normal'
71 107 118 96 71 107 118 96 76 107 122 99 71 107 113 92 71 107 113 96 75 103 118 96 74 109 117 96 74 109 112 96 74 109 112 96 'Normal'
71 107 118 96 76 107 122 99 71 116 122 99 71 107 113 96 75 103 118 96 75 103 118 96 74 109 112 96 74 109 112 96 74 104 117 92 'Normal'
71 116 122 99 76 107 122 103 76 112 122 96 75 103 118 96 75 107 118 96 79 103 118 100 74 104 117 92 74 109 117 96 78 104 112 96 'Normal'
76 112 122 96 76 112 122 99 80 107 122 96 79 103 118 100 84 111 123 100 84 103 118 96 78 104 112 96 78 104 112 96 78 104 112 96 'Normal'
76 107 118 96 84 116 128 103 92 116 133 103 71 79 109 92 79 103 123 100 84 111 128 100 74 83 108 89 66 71 100 85 74 83 104 92 'Normal'
92 116 133 103 84 112 122 96 71 83 96 85 84 111 128 100 84 103 118 92 71 79 96 79 74 83 104 92 78 96 112 96 82 91 100 89 'Normal'
84 112 122 96 71 83 96 85 64 79 96 81 84 103 118 92 71 79 96 79 63 75 96 83 78 96 112 96 82 91 100 89 66 71 84 78 'Normal'
71 83 96 85 64 79 96 81 60 83 100 81 71 79 96 79 63 75 96 83 67 83 104 87 82 91 100 89 66 71 84 78 63 79 96 85 'Normal'
64 79 96 81 60 83 100 81 60 83 96 85 63 75 96 83 67 83 104 87 59 83 100 83 66 71 84 78 63 79 96 85 66 91 104 92 'Normal'
60 83 100 81 60 83 96 85 64 87 100 88 67 83 104 87 59 83 100 83 63 87 100 87 63 79 96 85 66 91 104 92 66 87 108 89 'Normal'
64 83 104 88 64 79 100 85 56 71 96 85 63 83 104 87 63 79 100 87 59 75 96 87 63 83 104 85 63 83 100 85 66 83 100 85 'Normal'
68 75 108 96 71 87 108 88 71 91 100 81 67 95 109 92 75 99 104 83 75 95 100 79 66 87 104 89 63 87 104 89 70 100 104 85 'Normal'
71 87 108 88 71 91 100 81 76 95 108 88 75 99 104 83 75 95 100 79 71 91 100 83 63 87 104 89 70 100 104 85 70 91 104 85 'Normal'
71 91 100 81 76 95 108 88 80 95 104 85 75 95 100 79 71 91 100 83 71 95 104 87 70 100 104 85 70 91 104 85 63 91 100 81 'Normal'
76 94 102 79 84 102 111 91 84 102 106 91 84 99 108 88 84 103 113 96 84 99 113 88 88 103 113 92 88 103 109 92 84 99 109 92 'Normal'
84 102 106 91 88 106 111 91 88 106 111 98 84 99 113 88 84 99 108 92 84 107 113 96 84 99 109 92 88 103 113 96 88 103 118 100 'Normal'
88 106 111 91 88 106 111 98 76 94 106 91 84 99 108 92 84 107 113 96 84 107 122 96 88 103 113 96 88 103 118 100 79 107 123 100 'Normal'
76 94 106 91 68 94 111 91 57 81 102 83 84 107 122 96 68 103 113 92 53 91 104 88 79 107 123 100 67 103 113 96 55 91 109 87 'Normal'
50 73 86 76 50 69 86 72 50 69 90 76 50 79 100 81 50 75 96 78 46 71 87 74 55 83 100 87 51 79 104 83 51 83 100 83 'Normal'
50 69 86 72 50 69 90 76 50 69 90 76 50 75 96 78 46 71 87 74 50 71 87 74 51 79 104 83 51 83 100 83 51 79 96 79 'Normal'
50 69 90 76 50 69 90 76 50 73 94 76 46 71 87 74 50 71 87 74 50 75 91 78 51 83 100 83 51 79 96 79 51 75 96 79 'Normal'
50 73 94 76 50 73 90 76 50 73 94 79 50 75 91 78 50 79 96 78 46 79 96 78 51 75 96 79 48 72 89 79 48 68 89 75 'Normal'
50 73 90 76 50 73 94 79 53 81 102 83 50 79 96 78 46 79 96 78 50 79 96 81 48 72 89 79 48 68 89 75 48 75 89 79 'Normal'
53 77 98 79 53 81 98 79 53 77 94 76 53 79 96 81 53 83 96 78 53 75 96 78 51 75 96 79 51 72 89 75 48 79 93 79 'Normal'
53 81 98 79 53 77 94 76 53 73 98 76 53 83 96 78 53 75 96 78 53 71 87 74 51 72 89 75 48 79 93 79 55 79 93 79 'Normal'
53 77 94 76 53 73 98 76 57 77 98 79 53 75 96 78 53 71 87 74 53 71 87 74 48 79 93 79 55 79 93 79 55 79 93 75 'Normal'
53 73 98 76 57 77 98 79 57 73 90 72 53 71 87 74 53 71 87 74 53 71 83 74 55 79 93 79 55 79 93 75 51 75 89 75 'Normal'
50 62 78 68 53 69 82 76 57 77 94 76 53 71 87 74 53 68 83 70 56 71 79 74 51 68 85 75 51 68 81 71 55 72 81 71 'Normal'
53 69 82 76 57 77 94 76 57 73 90 76 53 68 83 70 56 71 79 74 56 75 87 74 51 68 81 71 55 72 81 71 55 72 85 75 'Normal'
57 77 94 76 57 73 90 76 53 73 90 76 56 71 79 74 56 75 87 74 56 75 96 74 55 72 81 71 55 72 85 75 59 79 93 79 'Normal'
57 73 90 76 53 73 90 76 57 77 94 79 56 75 87 74 56 75 96 74 60 79 91 81 55 72 85 75 59 79 93 79 63 87 100 83 'Normal'
53 73 90 76 57 77 94 79 60 81 98 79 56 75 96 74 60 79 91 81 64 87 100 85 59 79 93 79 63 87 100 83 63 95 104 83 'Normal'